-0.010472 0.006981 -0.006545
-0.008727 0.007418 -0.001745
-0.016144 0.009599 -0.010908
-0.012217 0.010472 -0.013526
-0.025744 0.018762 -0.017890
-0.029671 0.017890 -0.012654
-0.000873 0.002182 0.001309
-0.022253 0.013526 -0.012217
-0.032289 0.018762 -0.016144
0.006109 -0.001309 0.001745
0.011345 -0.002618 0.003054
-0.028798 0.017890 -0.015708
-0.027925 0.018326 -0.020071
-0.020071 0.013090 -0.011781
-0.002182 0.003054 -0.000436
-0.011781 0.010472 -0.007854
0.021380 -0.008727 0.008727
0.018326 -0.006109 0.005672
0.012654 -0.001309 0.006545
0.021380 -0.010036 0.010472
0.009163 -0.003491 0.005672
-0.028362 0.021380 -0.013963
-0.034907 0.019199 -0.012654
-0.031416 0.018326 -0.014835
0.013090 -0.003927 0.002618
0.002182 0.001745 -0.001745
0.024435 -0.010036 0.012217
-0.020508 0.013090 -0.008290
-0.017017 0.011345 -0.011345
-0.002182 0.002182 0.000000
-0.014399 0.008727 -0.007418
-0.015708 0.013090 -0.010036
-0.023126 0.016581 -0.018326
-0.001745 0.003491 -0.003054
0.005236 0.001745 -0.000873
0.008727 -0.002182 0.001745
0.008727 -0.001309 0.001745
0.023998 -0.011781 0.010472
0.019199 -0.007418 0.014399
0.003491 0.002182 0.002182
